Graph Interpretation:
           1     2     3     4     5     6     7     8     9    10    11    12
      ------------------------------------------------------------------------
    1|     0     5     -    33     6    19     -     3     5     -    20    19
    2|     5     0     8     3     -     1    13    14    13     -     -     7
    3|     -     8     0     3     5     7     -     4     3     8     2     6
    4|    33     3     3     0     2     4     6     8     6     4     3     -
    5|     6     -     5     2     0     7     9    12     3     6     1     1
    6|    19     1     7     4     7     0    21    18     2     3     -     1
    7|     -    13     -     6     9    21     0     -     -     -     9     8
    8|     3    14     4     8    12    18     -     0     5     4     3     2
    9|     5    13     3     6     3     2     -     5     0     1     5     7
   10|     -     -     8     4     6     3     -     4     1     0    17     6
   11|    20     -     2     3     1     -     9     3     5    17     0     1
   12|    19     7     6     -     1     1     8     2     7     6     1     0

Shortest Length to Each Node from N1
     1     2     3     4     5     6     7     8     9    10    11    12
     ------------------------------------------------------------------
     0     5     -    33     6    19     -     3     5     -    20    19
     0     5     7    11     6    19     -     3     5     7     6     5
     0     5     7     8     6     6    18     3     5     7     6     5
     0     5     7     8     6     6    18     3     5     6     6     5
     0     5     7     8     6     6    13     3     5     6     6     5
     0     5     7     8     6     6    13     3     5     6     6     5
     0     5     7     8     6     6    13     3     5     6     6     5
     0     5     7     8     6     6    13     3     5     6     6     5
     0     5     7     8     6     6    13     3     5     6     6     5
     0     5     7     8     6     6    13     3     5     6     6     5
     0     5     7     8     6     6    13     3     5     6     6     5
     0     5     7     8     6     6    13     3     5     6     6     5

Shortest Path to Each node from N1
1: N 1
2: N 1 -> N 2
3: N 1 -> N 8 -> N 3
4: N 1 -> N 2 -> N 4
5: N 1 -> N 5
6: N 1 -> N 2 -> N 6
7: N 1 -> N 8 -> N 12 -> N 7
8: N 1 -> N 8
9: N 1 -> N 9
10: N 1 -> N 9 -> N 10
11: N 1 -> N 8 -> N 11
12: N 1 -> N 8 -> N 12

