# #nodes     | #leaves    | min depth  | max depth  | depth diff | %left      | %right     
    1            1            0            0            0          1.000          1.000        
    2            1            1            1            0          1.000          0.000        
    3            1            2            2            0          1.000          0.000        
    4            1            3            3            0          1.000          0.000        
    5            2            2            3            1          1.000          0.000        
    6            3            2            3            1          1.000          0.000        
    7            3            2            4            2          1.000          0.000        
    8            4            2            4            2          1.000          0.000        
    9            4            2            5            3          1.000          0.000        
   10            4            2            5            3          1.000          0.000        
   11            5            2            5            3          1.000          0.000        
   12            5            2            6            4          1.000          0.000        
   13            5            2            6            4          1.000          0.000        
   14            6            2            6            4          1.000          0.000        
   15            6            2            6            4          1.000          0.000        
   16            6            2            6            4          1.000          0.000        
   17            7            1            6            5          0.938          0.063        
   18            7            1            6            5          0.941          0.059        
   19            7            2            6            4          0.889          0.111        
   20            7            3            6            3          0.842          0.158        
   21            8            3            6            3          0.850          0.150        
   22            8            3            7            4          0.857          0.143        
   23            9            2            7            5          0.818          0.182        
   24           10            2            7            5          0.826          0.174        
   25           10            2            7            5          0.833          0.167        
   26           10            2            8            6          0.840          0.160        
   27           10            2            8            6          0.846          0.154        
   28           10            2            8            6          0.852          0.148        
   29           10            3            8            5          0.821          0.179        
   30           11            3            8            5          0.828          0.172        
   31           11            3            8            5          0.833          0.167        
   32           12            3            8            5          0.839          0.161        
   33           13            3            8            5          0.844          0.156        
   34           13            3            8            5          0.848          0.152        
   35           13            3            8            5          0.853          0.147        
   36           14            3            8            5          0.829          0.171        
   37           15            3            8            5          0.833          0.167        
   38           16            3            8            5          0.838          0.162        
   39           16            3            8            5          0.816          0.184        
   40           16            3            8            5          0.821          0.179        
   41           16            3            8            5          0.825          0.175        
   42           16            3            8            5          0.829          0.171        
   43           17            3            8            5          0.833          0.167        
   44           18            3            8            5          0.837          0.163        
   45           19            3            8            5          0.841          0.159        
   46           19            3            8            5          0.822          0.178        
   47           19            3            8            5          0.826          0.174        
   48           19            3            8            5          0.809          0.191        
   49           19            3            8            5          0.813          0.188        
   50           19            3            8            5          0.816          0.184        
   51           19            3            8            5          0.820          0.180        
   52           20            3            8            5          0.804          0.196        
   53           21            3            8            5          0.788          0.212        
   54           21            3            8            5          0.792          0.208        
   55           21            3            8            5          0.796          0.204        
   56           22            3            8            5          0.800          0.200        
   57           23            3            8            5          0.804          0.196        
   58           24            3            8            5          0.807          0.193        
   59           24            3            8            5          0.810          0.190        
   60           25            3            8            5          0.814          0.186        
   61           25            3            8            5          0.817          0.183        
   62           25            3            8            5          0.820          0.180        
   63           25            3            8            5          0.823          0.177        
   64           25            3            8            5          0.825          0.175        
   65           25            3            8            5          0.828          0.172        
   66           25            3            9            6          0.831          0.169        
   67           25            3           10            7          0.833          0.167        
   68           26            3           10            7          0.836          0.164        
   69           26            3           10            7          0.824          0.176        
   70           27            3           10            7          0.812          0.188        
   71           27            3           10            7          0.800          0.200        
   72           28            3           10            7          0.803          0.197        
   73           28            3           10            7          0.806          0.194        
   74           28            3           10            7          0.808          0.192        
   75           28            3           10            7          0.811          0.189        
   76           29            3           10            7          0.813          0.187        
   77           29            3           10            7          0.803          0.197        
   78           30            3           10            7          0.792          0.208        
   79           30            3           10            7          0.782          0.218        
   80           31            3           10            7          0.785          0.215        
   81           31            3           10            7          0.788          0.212        
   82           32            3           10            7          0.790          0.210        
   83           33            3           10            7          0.793          0.207        
   84           34            3           10            7          0.795          0.205        
   85           34            3           10            7          0.786          0.214        
   86           34            3           10            7          0.788          0.212        
   87           34            3           10            7          0.791          0.209        
   88           34            3           11            8          0.793          0.207        
   89           34            3           11            8          0.795          0.205        
   90           34            3           11            8          0.798          0.202        
   91           34            3           11            8          0.800          0.200        
   92           35            3           11            8          0.802          0.198        
   93           35            3           11            8          0.804          0.196        
   94           35            3           11            8          0.806          0.194        
   95           35            3           11            8          0.798          0.202        
   96           36            3           11            8          0.789          0.211        
   97           37            3           11            8          0.792          0.208        
   98           37            3           11            8          0.794          0.206        
   99           37            3           11            8          0.796          0.204        
  100           37            3           11            8          0.798          0.202        
  101           38            3           11            8          0.800          0.200        
  102           38            3           12            9          0.802          0.198        
  103           38            3           12            9          0.804          0.196        
  104           38            3           12            9          0.806          0.194        
  105           38            3           12            9          0.798          0.202        
  106           38            3           12            9          0.800          0.200        
  107           38            3           12            9          0.802          0.198        
  108           38            3           12            9          0.804          0.196        
  109           39            3           12            9          0.806          0.194        
  110           39            3           12            9          0.798          0.202        
  111           39            3           12            9          0.800          0.200        
  112           40            3           12            9          0.802          0.198        
  113           40            3           12            9          0.804          0.196        
  114           40            3           12            9          0.805          0.195        
  115           41            3           12            9          0.807          0.193        
  116           42            3           12            9          0.809          0.191        
  117           42            4           12            8          0.802          0.198        
  118           42            4           12            8          0.803          0.197        
  119           42            4           12            8          0.805          0.195        
  120           42            4           12            8          0.807          0.193        
  121           42            4           12            8          0.808          0.192        
  122           42            4           12            8          0.810          0.190        
  123           43            4           12            8          0.811          0.189        
  124           43            4           12            8          0.813          0.187        
  125           44            4           12            8          0.815          0.185        
  126           44            4           12            8          0.816          0.184        
  127           44            4           12            8          0.817          0.183        
  128           44            4           12            8          0.811          0.189        
  129           44            4           12            8          0.813          0.188        
  130           44            4           12            8          0.814          0.186        
  131           44            4           12            8          0.815          0.185        
  132           44            4           13            9          0.817          0.183        
  133           44            4           13            9          0.818          0.182        
  134           44            4           13            9          0.820          0.180        
  135           44            4           13            9          0.821          0.179        
  136           44            4           13            9          0.822          0.178        
  137           44            4           13            9          0.824          0.176        
  138           45            4           13            9          0.825          0.175        
  139           45            4           13            9          0.826          0.174        
  140           45            4           13            9          0.827          0.173        
  141           46            4           13            9          0.829          0.171        
  142           47            4           13            9          0.830          0.170        
  143           47            4           13            9          0.824          0.176        
  144           47            4           13            9          0.825          0.175        
  145           48            4           13            9          0.826          0.174        
  146           48            4           13            9          0.828          0.172        
  147           48            4           13            9          0.829          0.171        
  148           48            4           13            9          0.830          0.170        
  149           48            4           13            9          0.824          0.176        
  150           48            4           13            9          0.826          0.174        
  151           49            4           13            9          0.827          0.173        
  152           49            4           13            9          0.828          0.172        
  153           50            4           13            9          0.829          0.171        
  154           50            4           14           10          0.830          0.170        
  155           51            4           14           10          0.831          0.169        
  156           52            4           14           10          0.832          0.168        
  157           52            4           14           10          0.827          0.173        
  158           52            4           14           10          0.828          0.172        
  159           52            4           14           10          0.829          0.171        
  160           52            4           14           10          0.830          0.170        
  161           53            4           14           10          0.825          0.175        
  162           54            4           14           10          0.826          0.174        
  163           54            4           14           10          0.821          0.179        
  164           54            4           14           10          0.816          0.184        
  165           54            4           14           10          0.817          0.183        
  166           54            4           14           10          0.818          0.182        
  167           54            4           14           10          0.819          0.181        
  168           54            4           14           10          0.820          0.180        
  169           54            4           14           10          0.821          0.179        
  170           54            4           14           10          0.822          0.178        
  171           55            4           14           10          0.824          0.176        
  172           55            4           15           11          0.825          0.175        
  173           55            4           15           11          0.826          0.174        
  174           55            4           15           11          0.827          0.173        
  175           55            4           15           11          0.822          0.178        
  176           55            4           15           11          0.823          0.177        
  177           55            4           15           11          0.824          0.176        
  178           55            4           15           11          0.825          0.175        
  179           55            4           15           11          0.826          0.174        
  180           55            4           15           11          0.827          0.173        
  181           56            4           15           11          0.828          0.172        
  182           56            4           15           11          0.829          0.171        
  183           56            4           15           11          0.830          0.170        
  184           57            4           15           11          0.831          0.169        
  185           57            4           15           11          0.832          0.168        
  186           57            4           15           11          0.832          0.168        
  187           57            4           15           11          0.833          0.167        
  188           57            4           15           11          0.834          0.166        
  189           57            4           15           11          0.835          0.165        
  190           57            4           15           11          0.836          0.164        
  191           58            4           15           11          0.837          0.163        
  192           58            4           15           11          0.838          0.162        
  193           59            4           15           11          0.839          0.161        
  194           59            4           16           12          0.839          0.161        
  195           60            4           16           12          0.840          0.160        
  196           61            4           16           12          0.841          0.159        
  197           61            4           16           12          0.842          0.158        
  198           62            4           16           12          0.843          0.157        
  199           62            4           16           12          0.843          0.157        
  200           62            4           16           12          0.844          0.156        
  201           62            4           16           12          0.845          0.155        
  202           63            4           16           12          0.846          0.154        
  203           64            4           16           12          0.847          0.153        
  204           65            4           16           12          0.842          0.158        
  205           65            4           16           12          0.843          0.157        
  206           65            4           16           12          0.844          0.156        
  207           65            4           16           12          0.845          0.155        
  208           65            4           16           12          0.845          0.155        
  209           65            4           16           12          0.841          0.159        
  210           65            4           16           12          0.842          0.158        
  211           65            4           16           12          0.843          0.157        
  212           65            4           16           12          0.844          0.156        
  213           65            4           16           12          0.840          0.160        
  214           65            4           16           12          0.840          0.160        
  215           65            4           16           12          0.841          0.159        
  216           65            4           16           12          0.842          0.158        
  217           65            4           16           12          0.843          0.157        
  218           66            4           16           12          0.843          0.157        
  219           66            4           16           12          0.844          0.156        
  220           67            4           16           12          0.845          0.155        
  221           67            4           16           12          0.845          0.155        
  222           67            4           16           12          0.842          0.158        
  223           67            4           16           12          0.842          0.158        
  224           67            4           16           12          0.843          0.157        
  225           67            4           16           12          0.844          0.156        
  226           68            4           16           12          0.840          0.160        
  227           69            4           16           12          0.841          0.159        
  228           70            4           16           12          0.841          0.159        
  229           70            4           16           12          0.842          0.158        
  230           70            4           16           12          0.838          0.162        
  231           70            4           16           12          0.835          0.165        
  232           71            4           16           12          0.835          0.165        
  233           71            4           16           12          0.836          0.164        
  234           72            4           16           12          0.833          0.167        
  235           72            4           16           12          0.833          0.167        
  236           73            4           16           12          0.834          0.166        
  237           73            4           16           12          0.835          0.165        
  238           74            4           16           12          0.835          0.165        
  239           75            4           16           12          0.836          0.164        
  240           75            4           16           12          0.837          0.163        
  241           75            4           16           12          0.837          0.163        
  242           76            4           16           12          0.838          0.162        
  243           76            4           16           12          0.839          0.161        
  244           76            4           16           12          0.840          0.160        
  245           77            4           16           12          0.840          0.160        
  246           78            4           16           12          0.841          0.159        
  247           79            4           16           12          0.837          0.163        
  248           79            4           16           12          0.838          0.162        
  249           80            4           16           12          0.839          0.161        
  250           80            4           16           12          0.839          0.161        
  251           81            4           16           12          0.840          0.160        
  252           81            4           16           12          0.841          0.159        
  253           82            4           16           12          0.841          0.159        
  254           82            4           16           12          0.842          0.158        
  255           82            4           16           12          0.843          0.157        
  256           83            4           16           12          0.843          0.157        
  257           83            4           16           12          0.844          0.156        
  258           84            4           16           12          0.840          0.160        
  259           85            4           16           12          0.841          0.159        
  260           85            4           16           12          0.842          0.158        
  261           85            4           16           12          0.842          0.158        
  262           85            4           16           12          0.843          0.157        
  263           86            4           16           12          0.844          0.156        
  264           86            4           16           12          0.844          0.156        
  265           86            4           16           12          0.845          0.155        
  266           86            4           16           12          0.845          0.155        
  267           86            4           16           12          0.846          0.154        
  268           87            4           16           12          0.843          0.157        
  269           87            4           16           12          0.843          0.157        
  270           87            4           16           12          0.840          0.160        
  271           88            4           16           12          0.841          0.159        
  272           89            4           16           12          0.841          0.159        
  273           90            4           16           12          0.842          0.158        
  274           90            4           16           12          0.842          0.158        
  275           91            4           16           12          0.839          0.161        
  276           91            4           16           12          0.836          0.164        
  277           91            4           16           12          0.837          0.163        
  278           91            4           16           12          0.838          0.162        
  279           92            4           16           12          0.838          0.162        
  280           93            4           16           12          0.839          0.161        
  281           93            4           16           12          0.839          0.161        
  282           93            4           16           12          0.836          0.164        
  283           94            4           16           12          0.837          0.163        
  284           95            4           16           12          0.837          0.163        
  285           95            4           16           12          0.838          0.162        
  286           95            4           16           12          0.839          0.161        
  287           95            4           16           12          0.839          0.161        
  287           95            4           16           12          0.839          0.161        
  288           96            4           16           12          0.840          0.160        
  289           97            4           16           12          0.840          0.160        
  290           97            4           16           12          0.841          0.159        
  291           98            4           16           12          0.841          0.159        
  292           98            4           16           12          0.842          0.158        
  293           98            4           16           12          0.842          0.158        
  294           98            4           16           12          0.843          0.157        
  295           98            4           16           12          0.844          0.156        
  296           98            4           16           12          0.844          0.156        
  297           98            4           16           12          0.845          0.155        
  298           98            4           16           12          0.845          0.155        
  299           98            4           16           12          0.846          0.154        
  300           99            4           16           12          0.843          0.157        
  301           99            4           16           12          0.843          0.157        
  302           99            4           16           12          0.844          0.156        
  303          100            4           16           12          0.844          0.156        
  304          100            4           16           12          0.845          0.155        
  305          100            4           16           12          0.845          0.155        
  306          100            4           16           12          0.846          0.154        
  307          101            4           16           12          0.843          0.157        
  308          102            4           16           12          0.844          0.156        
  309          103            4           16           12          0.844          0.156        
  310          104            4           16           12          0.841          0.159        
  311          105            4           16           12          0.842          0.158        
  312          105            4           16           12          0.842          0.158        
  313          106            4           16           12          0.843          0.157        
  314          107            4           16           12          0.843          0.157        
  315          107            4           16           12          0.841          0.159        
  316          108            4           16           12          0.841          0.159        
  317          108            4           16           12          0.839          0.161        
  318          109            4           16           12          0.839          0.161        
  319          110            4           16           12          0.840          0.160        
  320          110            4           16           12          0.840          0.160        
  321          111            4           16           12          0.837          0.163        
  322          111            4           16           12          0.835          0.165        
  323          112            4           16           12          0.835          0.165        
  324          112            4           16           12          0.833          0.167        
  325          113            4           16           12          0.830          0.170        
  326          113            4           16           12          0.828          0.172        
  327          114            4           16           12          0.828          0.172        
  328          114            4           16           12          0.826          0.174        
  329          115            4           16           12          0.826          0.174        
  330          116            4           16           12          0.827          0.173        
  331          116            4           16           12          0.824          0.176        
  332          117            4           16           12          0.825          0.175        
  333          117            4           16           12          0.825          0.175        
  334          117            4           16           12          0.826          0.174        
  335          117            4           16           12          0.826          0.174        
  336          117            4           17           13          0.827          0.173        
  337          117            4           17           13          0.827          0.173        
  338          117            4           17           13          0.828          0.172        
  339          117            4           17           13          0.828          0.172        
  340          118            4           17           13          0.829          0.171        
  341          118            4           17           13          0.829          0.171        
  342          118            4           17           13          0.827          0.173        
  343          118            4           17           13          0.827          0.173        
  344          119            4           17           13          0.825          0.175        
  345          119            4           17           13          0.826          0.174        
  346          120            4           17           13          0.826          0.174        
  347          120            4           17           13          0.827          0.173        
  348          120            4           17           13          0.827          0.173        
  349          120            4           17           13          0.828          0.172        
  350          120            4           17           13          0.825          0.175        
  351          120            4           17           13          0.823          0.177        
  352          120            4           17           13          0.823          0.177        
  353          120            4           17           13          0.824          0.176        
  354          120            4           17           13          0.824          0.176        
  355          120            4           17           13          0.825          0.175        
  356          120            4           17           13          0.825          0.175        
  357          120            4           17           13          0.826          0.174        
  358          121            4           17           13          0.826          0.174        
  359          121            4           17           13          0.824          0.176        
  360          122            4           17           13          0.825          0.175        
  361          122            4           17           13          0.825          0.175        
  362          122            4           17           13          0.825          0.175        
  363          122            4           17           13          0.826          0.174        
  364          122            4           17           13          0.826          0.174        
  365          122            4           17           13          0.824          0.176        
  366          122            4           17           13          0.825          0.175        
  367          122            4           17           13          0.825          0.175        
  368          122            4           17           13          0.826          0.174        
  369          122            4           17           13          0.826          0.174        
  370          122            4           17           13          0.827          0.173        
  371          122            4           17           13          0.827          0.173        
  372          122            4           17           13          0.827          0.173        
  373          123            4           17           13          0.825          0.175        
  374          124            4           17           13          0.826          0.174        
  375          124            4           17           13          0.824          0.176        
  376          124            4           17           13          0.824          0.176        
  377          124            4           17           13          0.824          0.176        
  378          124            4           17           13          0.825          0.175        
  379          124            4           17           13          0.825          0.175        
  380          124            4           17           13          0.826          0.174        
  381          124            4           17           13          0.824          0.176        
  382          124            4           17           13          0.824          0.176        
  383          124            4           17           13          0.822          0.178        
  384          124            4           17           13          0.822          0.178        
  385          125            4           17           13          0.823          0.177        
  386          126            4           17           13          0.823          0.177        
  387          126            4           17           13          0.824          0.176        
  388          127            4           17           13          0.824          0.176        
  389          127            4           17           13          0.825          0.175        
  390          128            4           17           13          0.825          0.175        
  391          129            4           17           13          0.823          0.177        
  392          130            4           17           13          0.821          0.179        
  393          130            4           17           13          0.821          0.179        
  394          130            4           17           13          0.822          0.178        
  395          130            4           17           13          0.822          0.178        
  396          131            4           17           13          0.823          0.177        
  397          131            4           17           13          0.823          0.177        
  398          131            4           17           13          0.824          0.176        
  399          131            4           17           13          0.824          0.176        
  400          131            4           17           13          0.822          0.178        
  401          131            4           17           13          0.822          0.178        
  402          131            4           17           13          0.823          0.177        
  403          132            4           17           13          0.823          0.177        
  404          132            4           17           13          0.824          0.176        
  405          133            4           17           13          0.824          0.176        
  406          134            4           17           13          0.825          0.175        
  407          135            4           17           13          0.823          0.177        
  408          135            4           17           13          0.823          0.177        
  409          135            4           17           13          0.824          0.176        
  410          135            4           17           13          0.822          0.178        
  411          136            4           17           13          0.820          0.180        
  412          136            4           17           13          0.820          0.180        
  413          137            4           17           13          0.818          0.182        
  414          138            4           17           13          0.818          0.182        
  415          138            4           17           13          0.819          0.181        
  416          138            4           17           13          0.817          0.183        
  417          139            4           17           13          0.817          0.183        
  418          140            4           17           13          0.818          0.182        
  419          140            4           17           13          0.818          0.182        
  420          141            4           17           13          0.816          0.184        
  421          141            4           17           13          0.817          0.183        
  422          141            4           17           13          0.817          0.183        
  423          141            4           17           13          0.818          0.182        
  424          141            4           17           13          0.818          0.182        
  425          141            4           17           13          0.818          0.182        
  426          141            4           17           13          0.819          0.181        
  427          141            4           17           13          0.819          0.181        
  428          141            4           17           13          0.820          0.180        
  429          141            4           17           13          0.820          0.180        
  430          141            4           17           13          0.818          0.182        
  431          142            4           17           13          0.819          0.181        
  432          143            4           17           13          0.819          0.181        
  433          144            4           17           13          0.817          0.183        
  434          144            4           17           13          0.818          0.182        
  435          144            4           17           13          0.818          0.182        
  436          144            4           17           13          0.818          0.182        
  437          144            4           17           13          0.817          0.183        
  438          144            4           17           13          0.817          0.183        
  439          144            4           17           13          0.817          0.183        
  440          144            4           17           13          0.818          0.182        
  441          144            4           17           13          0.818          0.182        
  442          145            4           17           13          0.819          0.181        
  443          146            4           17           13          0.819          0.181        
  444          146            4           17           13          0.817          0.183        
  445          147            4           17           13          0.818          0.182        
  446          147            4           17           13          0.818          0.182        
  447          147            4           17           13          0.818          0.182        
  448          147            4           17           13          0.819          0.181        
  449          147            4           17           13          0.819          0.181        
  450          147            4           17           13          0.817          0.183        
  451          148            4           17           13          0.818          0.182        
  452          148            4           17           13          0.818          0.182        
  453          149            4           17           13          0.819          0.181        
  454          149            4           17           13          0.819          0.181        
  455          149            4           17           13          0.819          0.181        
  456          149            4           17           13          0.820          0.180        
  457          149            4           17           13          0.820          0.180        
  458          149            4           17           13          0.821          0.179        
  459          149            4           17           13          0.819          0.181        
  460          150            4           17           13          0.819          0.181        
  461          150            4           17           13          0.820          0.180        
  462          150            4           17           13          0.820          0.180        
  463          151            4           17           13          0.820          0.180        
  464          151            4           17           13          0.821          0.179        
  465          152            4           17           13          0.821          0.179        
  466          152            4           18           14          0.822          0.178        
  467          152            4           18           14          0.822          0.178        
  468          152            4           18           14          0.822          0.178        
  469          152            4           18           14          0.821          0.179        
  470          152            4           18           14          0.821          0.179        
  471          152            4           18           14          0.821          0.179        
  472          153            4           18           14          0.820          0.180        
  473          153            4           18           14          0.820          0.180        
  474          153            4           18           14          0.820          0.180        
  475          153            4           18           14          0.819          0.181        
  476          153            4           18           14          0.819          0.181        
  477          154            4           18           14          0.819          0.181        
  478          154            4           18           14          0.820          0.180        
  479          154            4           18           14          0.818          0.182        
  480          155            4           18           14          0.816          0.184        
  481          155            4           18           14          0.817          0.183        
  482          156            4           18           14          0.817          0.183        
  483          156            4           18           14          0.815          0.185        
  484          156            4           18           14          0.816          0.184        
  485          157            4           18           14          0.814          0.186        
  486          157            4           18           14          0.814          0.186        
  487          157            4           18           14          0.815          0.185        
  488          157            4           18           14          0.815          0.185        
  489          158            4           18           14          0.814          0.186        
  490          158            4           18           14          0.814          0.186        
  491          158            4           18           14          0.814          0.186        
  492          159            4           18           14          0.815          0.185        
  493          160            4           18           14          0.815          0.185        
  494          161            4           18           14          0.815          0.185        
  495          161            4           18           14          0.816          0.184        
  496          161            4           18           14          0.816          0.184        
  497          162            4           18           14          0.817          0.183        
  498          162            4           18           14          0.815          0.185        
  499          163            4           18           14          0.815          0.185        
  500          163            4           18           14          0.814          0.186        
  501          163            4           18           14          0.814          0.186        
  502          163            4           18           14          0.812          0.188        
  503          164            4           18           14          0.813          0.187        
  504          164            4           18           14          0.813          0.187        
  505          164            4           18           14          0.813          0.187        
  506          164            4           18           14          0.814          0.186        
  507          164            4           18           14          0.812          0.188        
  508          165            4           18           14          0.811          0.189        
  509          166            4           18           14          0.811          0.189        
  510          166            4           18           14          0.811          0.189        
  511          166            4           18           14          0.812          0.188        
  512          166            4           18           14          0.812          0.188        
  513          166            4           18           14          0.813          0.188        
  514          166            4           18           14          0.811          0.189        
  515          166            4           18           14          0.809          0.191        
  516          166            4           18           14          0.810          0.190        
  517          166            4           18           14          0.810          0.190        
  518          166            4           18           14          0.809          0.191        
  519          166            4           19           15          0.809          0.191        
  520          167            4           19           15          0.809          0.191        
  521          167            4           19           15          0.810          0.190        
  522          167            4           19           15          0.810          0.190        
  523          167            4           19           15          0.810          0.190        
  524          167            4           19           15          0.811          0.189        
  525          168            4           19           15          0.811          0.189        
  526          169            4           19           15          0.811          0.189        
  527          170            4           19           15          0.812          0.188        
  528          170            4           19           15          0.812          0.188        
  529          171            4           19           15          0.813          0.188        
  530          172            4           19           15          0.813          0.187        
  531          172            4           19           15          0.813          0.187        
  532          172            4           19           15          0.814          0.186        
  533          173            4           19           15          0.812          0.188        
  534          173            4           19           15          0.811          0.189        
  535          173            4           19           15          0.811          0.189        
  536          174            4           19           15          0.811          0.189        
  537          175            4           19           15          0.812          0.188        
  538          176            4           19           15          0.812          0.188        
  539          177            4           19           15          0.812          0.188        
  540          177            4           19           15          0.811          0.189        
  541          178            4           19           15          0.811          0.189        
  542          178            4           19           15          0.811          0.189        
  543          178            4           19           15          0.812          0.188        
  544          179            4           19           15          0.812          0.188        
  545          179            4           19           15          0.813          0.188        
  546          180            4           19           15          0.811          0.189        
  547          180            4           19           15          0.811          0.189        
  548          180            4           19           15          0.810          0.190        
  549          180            4           19           15          0.810          0.190        
  550          180            4           19           15          0.811          0.189        
  551          180            4           19           15          0.811          0.189        
  552          180            4           19           15          0.809          0.191        
  553          181            4           19           15          0.810          0.190        
  554          181            4           19           15          0.810          0.190        
  555          182            4           19           15          0.810          0.190        
  556          183            4           19           15          0.811          0.189        
  557          183            4           19           15          0.811          0.189        
  558          184            4           19           15          0.811          0.189        
  559          184            4           19           15          0.812          0.188        
  560          184            4           19           15          0.812          0.188        
  561          185            4           19           15          0.813          0.188        
  562          186            4           19           15          0.813          0.187        
  563          187            4           19           15          0.811          0.189        
  564          188            4           19           15          0.812          0.188        
  565          188            4           19           15          0.812          0.188        
  566          188            4           19           15          0.812          0.188        
  567          189            4           19           15          0.813          0.187        
  568          189            4           19           15          0.811          0.189        
  569          189            4           19           15          0.812          0.188        
  570          189            4           19           15          0.812          0.188        
  571          189            4           19           15          0.812          0.188        
  572          190            4           19           15          0.813          0.187        
  573          190            4           19           15          0.811          0.189        
  574          190            4           19           15          0.812          0.188        
  575          190            4           19           15          0.812          0.188        
  576          191            4           19           15          0.810          0.190        
  577          192            4           19           15          0.811          0.189        
  578          192            4           19           15          0.811          0.189        
  579          192            4           19           15          0.810          0.190        
  580          193            4           19           15          0.808          0.192        
  581          194            4           19           15          0.809          0.191        
  582          194            4           19           15          0.809          0.191        
  583          195            4           19           15          0.809          0.191        
  584          195            4           19           15          0.810          0.190        
  585          195            4           19           15          0.810          0.190        
  586          195            4           19           15          0.810          0.190        
  587          195            4           19           15          0.811          0.189        
  588          196            4           19           15          0.811          0.189        
  589          197            4           19           15          0.811          0.189        
  590          198            4           19           15          0.812          0.188        
  591          198            4           19           15          0.812          0.188        
  592          198            4           19           15          0.812          0.188        
  593          198            4           19           15          0.811          0.189        
  594          199            4           19           15          0.811          0.189        
  595          199            4           19           15          0.810          0.190        
  596          200            4           19           15          0.810          0.190        
  597          201            4           19           15          0.810          0.190        
  598          202            4           19           15          0.811          0.189        
  599          202            4           19           15          0.811          0.189        
  600          202            4           19           15          0.811          0.189        
  601          203            4           19           15          0.812          0.188        
  602          203            4           19           15          0.812          0.188        
  603          203            4           19           15          0.812          0.188        
  604          203            4           19           15          0.813          0.187        
  605          203            4           19           15          0.813          0.187        
  606          203            4           19           15          0.813          0.187        
  607          203            4           19           15          0.814          0.186        
  608          203            4           19           15          0.812          0.188        
  609          204            4           19           15          0.813          0.188        
  610          204            4           19           15          0.811          0.189        
  611          204            4           19           15          0.811          0.189        
  612          204            4           19           15          0.812          0.188        
  613          204            4           19           15          0.810          0.190        
  614          205            4           19           15          0.811          0.189        
  615          205            4           19           15          0.811          0.189        
  616          205            4           19           15          0.811          0.189        
  617          206            4           19           15          0.812          0.188        
  618          207            4           19           15          0.812          0.188        
  619          208            4           19           15          0.811          0.189        
  620          208            4           19           15          0.811          0.189        
  621          208            4           19           15          0.811          0.189        
  622          208            4           19           15          0.812          0.188        
  623          209            4           19           15          0.812          0.188        
  624          210            4           19           15          0.812          0.188        
  625          211            4           19           15          0.813          0.188        
  626          212            4           19           15          0.811          0.189        
  627          212            4           19           15          0.810          0.190        
  628          212            4           19           15          0.810          0.190        
  629          212            4           19           15          0.811          0.189        
  630          213            4           19           15          0.809          0.191        
  631          214            4           19           15          0.810          0.190        
  632          215            4           19           15          0.810          0.190        
  633          215            4           19           15          0.810          0.190        
  634          216            4           19           15          0.810          0.190        
  635          216            4           19           15          0.811          0.189        
  636          216            4           19           15          0.811          0.189        
  637          216            4           19           15          0.811          0.189        
  638          217            4           19           15          0.812          0.188        
  639          217            4           19           15          0.810          0.190        
  640          217            4           19           15          0.811          0.189        
  641          218            4           19           15          0.811          0.189        
  642          219            4           19           15          0.811          0.189        
  643          220            4           19           15          0.812          0.188        
  644          221            4           19           15          0.812          0.188        
  645          221            4           19           15          0.811          0.189        
  646          221            4           19           15          0.811          0.189        
  647          222            4           19           15          0.811          0.189        
  648          222            4           19           15          0.811          0.189        
  649          223            4           19           15          0.812          0.188        
  650          223            4           19           15          0.812          0.188        
  651          223            4           19           15          0.811          0.189        
  652          223            4           19           15          0.810          0.190        
  653          224            4           19           15          0.808          0.192        
  654          225            4           19           15          0.809          0.191        
  655          226            4           19           15          0.809          0.191        
  656          227            4           19           15          0.809          0.191        
  657          227            4           19           15          0.809          0.191        
  658          227            4           19           15          0.808          0.192        
  659          227            4           19           15          0.809          0.191        
  660          228            4           19           15          0.809          0.191        
  661          229            4           19           15          0.808          0.192        
  662          229            4           19           15          0.808          0.192        
  663          229            4           19           15          0.807          0.193        
  664          229            4           19           15          0.807          0.193        
  665          229            4           19           15          0.807          0.193        
  666          229            4           19           15          0.808          0.192        
  667          229            4           19           15          0.808          0.192        
  668          230            4           19           15          0.808          0.192        
  669          230            4           19           15          0.808          0.192        
  670          230            4           19           15          0.809          0.191        
  671          230            4           19           15          0.809          0.191        
  672          230            4           19           15          0.809          0.191        
  673          231            4           19           15          0.808          0.192        
  674          231            4           19           15          0.808          0.192        
  675          231            4           19           15          0.807          0.193        
  676          232            4           19           15          0.807          0.193        
  677          232            4           19           15          0.808          0.192        
  678          233            4           19           15          0.808          0.192        
  679          233            4           19           15          0.808          0.192        
  680          234            4           19           15          0.809          0.191        
  681          235            4           19           15          0.809          0.191        
  682          235            4           19           15          0.809          0.191        
  683          235            4           19           15          0.808          0.192        
  684          235            4           19           15          0.808          0.192        
  685          235            4           19           15          0.808          0.192        
  686          236            4           19           15          0.809          0.191        
  687          236            4           19           15          0.809          0.191        
  688          236            4           19           15          0.809          0.191        
  689          236            4           19           15          0.810          0.190        
  690          237            4           19           15          0.808          0.192        
  691          238            4           19           15          0.809          0.191        
  692          238            4           19           15          0.809          0.191        
  693          238            4           19           15          0.809          0.191        
  694          239            4           19           15          0.810          0.190        
  695          240            4           19           15          0.810          0.190        
  696          241            4           19           15          0.810          0.190        
  697          242            4           19           15          0.810          0.190        
  698          243            4           19           15          0.809          0.191        
  699          244            4           19           15          0.809          0.191        
  700          244            4           19           15          0.810          0.190        
  701          244            4           19           15          0.810          0.190        
  702          244            4           19           15          0.810          0.190        
  703          244            4           19           15          0.811          0.189        
  704          245            4           19           15          0.811          0.189        
  705          246            4           19           15          0.811          0.189        
  706          247            4           19           15          0.811          0.189        
  707          247            4           19           15          0.812          0.188        
  708          248            4           19           15          0.812          0.188        
  709          248            4           19           15          0.812          0.188        
  710          249            4           19           15          0.811          0.189        
  711          249            4           19           15          0.811          0.189        
  712          249            4           19           15          0.812          0.188        
  713          249            4           19           15          0.812          0.188        
  714          250            4           19           15          0.811          0.189        
  715          251            4           19           15          0.811          0.189        
  716          251            4           19           15          0.810          0.190        
  717          251            4           19           15          0.810          0.190        
  718          252            4           19           15          0.809          0.191        
  719          252            4           19           15          0.808          0.192        
  720          252            5           19           14          0.807          0.193        
  721          252            5           19           14          0.807          0.193        
  722          253            5           19           14          0.807          0.193        
  723          253            5           19           14          0.807          0.193        
  724          253            5           19           14          0.808          0.192        
  725          253            5           19           14          0.808          0.192        
  726          253            5           19           14          0.808          0.192        
  727          253            5           19           14          0.809          0.191        
  728          253            5           19           14          0.809          0.191        
  729          253            5           20           15          0.809          0.191        
  730          253            5           20           15          0.809          0.191        
  731          253            5           20           15          0.810          0.190        
  732          253            5           20           15          0.810          0.190        
  733          254            5           20           15          0.810          0.190        
  734          254            5           20           15          0.810          0.190        
  735          255            5           20           15          0.811          0.189        
  736          255            5           20           15          0.811          0.189        
  737          255            5           20           15          0.811          0.189        
  738          255            5           20           15          0.811          0.189        
  739          255            5           20           15          0.812          0.188        
  740          255            5           20           15          0.812          0.188        
  741          255            5           20           15          0.812          0.188        
  742          255            5           20           15          0.812          0.188        
  743          256            5           20           15          0.813          0.187        
  744          256            5           20           15          0.813          0.187        
  745          257            5           20           15          0.812          0.188        
  746          258            5           20           15          0.811          0.189        
  747          258            5           20           15          0.811          0.189        
  748          259            5           20           15          0.811          0.189        
  749          260            5           20           15          0.811          0.189        
  750          261            5           20           15          0.812          0.188        
  751          261            5           20           15          0.812          0.188        
  752          261            5           20           15          0.812          0.188        
  753          261            5           20           15          0.811          0.189        
  754          261            5           20           15          0.811          0.189        
  755          261            5           20           15          0.812          0.188        
  756          261            5           20           15          0.811          0.189        
  757          261            5           20           15          0.811          0.189        
  758          261            5           20           15          0.811          0.189        
  759          261            5           20           15          0.811          0.189        
  760          262            5           20           15          0.810          0.190        
  761          262            5           20           15          0.811          0.189        
  762          262            5           20           15          0.811          0.189        
  763          263            5           20           15          0.811          0.189        
  764          263            5           20           15          0.811          0.189        
  765          263            5           20           15          0.812          0.188        
  766          263            5           20           15          0.810          0.190        
  767          263            5           20           15          0.811          0.189        
  768          263            5           20           15          0.811          0.189        
  769          263            5           20           15          0.811          0.189        
  770          264            5           20           15          0.810          0.190        
  771          264            5           20           15          0.810          0.190        
  772          264            5           20           15          0.811          0.189        
  773          264            5           20           15          0.811          0.189        
  774          265            5           20           15          0.811          0.189        
  775          266            5           20           15          0.811          0.189        
  776          266            5           20           15          0.812          0.188        
  777          266            5           20           15          0.812          0.188        
  778          266            5           20           15          0.812          0.188        
  779          266            5           20           15          0.812          0.188        
  780          266            5           20           15          0.813          0.187        
  781          267            5           20           15          0.813          0.187        
  782          267            5           20           15          0.813          0.187        
  783          267            5           20           15          0.813          0.187        
  784          267            5           20           15          0.814          0.186        
  785          267            5           20           15          0.814          0.186        
  786          268            5           20           15          0.814          0.186        
  787          269            5           20           15          0.814          0.186        
  788          269            5           20           15          0.814          0.186        
  789          269            5           20           15          0.815          0.185        
  790          269            5           20           15          0.815          0.185        
  791          269            5           20           15          0.815          0.185        
  792          269            5           20           15          0.814          0.186        
  793          269            5           20           15          0.813          0.187        
  794          270            5           20           15          0.813          0.187        
  795          271            5           20           15          0.814          0.186        
  796          272            5           20           15          0.813          0.187        
  797          272            5           20           15          0.813          0.187        
  798          272            5           20           15          0.813          0.187        
  799          273            5           20           15          0.813          0.187        
  800          273            5           20           15          0.814          0.186        
  801          274            5           20           15          0.814          0.186        
  802          274            5           20           15          0.814          0.186        
  803          274            5           20           15          0.814          0.186        
  804          274            5           20           15          0.814          0.186        
  805          274            5           20           15          0.813          0.187        
  806          274            5           20           15          0.812          0.188        
  807          274            5           20           15          0.813          0.187        
  808          274            5           20           15          0.813          0.187        
  809          274            5           20           15          0.813          0.187        
  810          274            5           20           15          0.813          0.187        
  811          274            5           20           15          0.814          0.186        
  812          274            5           20           15          0.814          0.186        
  813          274            5           20           15          0.814          0.186        
  814          274            5           20           15          0.813          0.187        
  815          274            5           20           15          0.812          0.188        
  816          274            5           20           15          0.812          0.188        
  817          275            5           20           15          0.813          0.188        
  818          276            5           20           15          0.813          0.187        
  819          276            5           20           15          0.813          0.187        
  820          276            5           20           15          0.812          0.188        
  821          276            5           20           15          0.812          0.188        
  822          276            5           20           15          0.812          0.188        
  823          277            5           20           15          0.813          0.187        
  824          278            5           20           15          0.813          0.187        
  825          279            5           20           15          0.813          0.187        
  826          279            5           20           15          0.813          0.187        
  827          279            5           20           15          0.812          0.188        
  828          279            5           20           15          0.813          0.187        
  829          279            5           20           15          0.812          0.188        
  830          279            5           20           15          0.812          0.188        
  831          279            5           20           15          0.811          0.189        
  832          279            5           20           15          0.811          0.189        
  833          279            5           20           15          0.810          0.190        
  834          279            5           20           15          0.810          0.190        
  835          280            5           20           15          0.809          0.191        
  836          281            5           20           15          0.810          0.190        
  837          282            5           20           15          0.810          0.190        
  838          282            5           20           15          0.810          0.190        
  839          282            5           20           15          0.810          0.190        
  840          282            5           20           15          0.809          0.191        
  841          282            5           20           15          0.810          0.190        
  842          283            5           20           15          0.809          0.191        
  843          283            5           20           15          0.808          0.192        
  844          283            5           20           15          0.808          0.192        
  845          283            5           20           15          0.808          0.192        
  846          283            5           20           15          0.807          0.193        
  847          283            5           20           15          0.807          0.193        
  848          284            5           20           15          0.808          0.192        
  849          284            5           20           15          0.808          0.192        
  850          284            5           20           15          0.807          0.193        
  851          284            5           20           15          0.807          0.193        
  852          285            5           20           15          0.807          0.193        
  853          286            5           20           15          0.808          0.192        
  854          287            5           20           15          0.808          0.192        
  855          288            5           20           15          0.808          0.192        
  856          288            5           20           15          0.807          0.193        
  857          289            5           20           15          0.807          0.193        
  858          289            5           20           15          0.807          0.193        
  859          289            5           20           15          0.808          0.192        
  860          289            5           20           15          0.807          0.193        
  861          289            5           20           15          0.806          0.194        
  862          289            5           20           15          0.806          0.194        
  863          289            5           20           15          0.806          0.194        
  864          289            5           20           15          0.806          0.194        
  865          290            5           20           15          0.807          0.193        
  866          290            5           20           15          0.807          0.193        
  867          290            5           20           15          0.807          0.193        
  868          291            5           20           15          0.807          0.193        
  869          291            5           20           15          0.806          0.194        
  870          291            5           20           15          0.806          0.194        
  871          291            5           20           15          0.806          0.194        
  872          292            5           20           15          0.806          0.194        
  873          293            5           20           15          0.805          0.195        
  874          293            5           20           15          0.805          0.195        
  875          294            5           20           15          0.805          0.195        
  876          294            5           20           15          0.806          0.194        
  877          294            5           20           15          0.806          0.194        
  878          295            5           20           15          0.806          0.194        
  879          296            5           20           15          0.806          0.194        
  880          296            5           20           15          0.805          0.195        
  881          297            5           20           15          0.806          0.194        
  882          298            5           20           15          0.806          0.194        
  883          299            5           20           15          0.805          0.195        
  884          300            5           20           15          0.804          0.196        
  885          300            5           20           15          0.804          0.196        
  886          301            5           20           15          0.805          0.195        
  887          302            5           20           15          0.805          0.195        
  888          303            5           20           15          0.804          0.196        
  889          303            5           20           15          0.803          0.197        
  890          304            5           20           15          0.803          0.197        
  891          305            5           20           15          0.803          0.197        
  892          305            5           20           15          0.804          0.196        
  893          306            5           20           15          0.804          0.196        
  894          307            5           20           15          0.804          0.196        
  895          308            5           20           15          0.803          0.197        
  896          308            5           20           15          0.803          0.197        
  897          308            5           20           15          0.804          0.196        
  898          309            5           20           15          0.803          0.197        
  899          309            5           20           15          0.802          0.198        
  900          310            5           20           15          0.802          0.198        
  901          311            5           20           15          0.802          0.198        
  902          312            5           20           15          0.802          0.198        
  903          312            5           20           15          0.803          0.197        
  904          313            5           20           15          0.802          0.198        
  905          313            5           20           15          0.802          0.198        
  906          314            5           20           15          0.801          0.199        
  907          314            5           20           15          0.801          0.199        
  908          314            5           20           15          0.802          0.198        
  909          315            5           20           15          0.802          0.198        
  910          315            5           20           15          0.801          0.199        
  911          315            5           20           15          0.801          0.199        
  912          315            5           20           15          0.801          0.199        
  913          315            5           20           15          0.802          0.198        
  914          315            5           20           15          0.802          0.198        
  915          315            5           20           15          0.801          0.199        
  916          316            5           20           15          0.801          0.199        
  917          317            5           20           15          0.801          0.199        
  918          317            5           20           15          0.800          0.200        
  919          317            5           20           15          0.800          0.200        
  920          317            5           20           15          0.799          0.201        
  921          317            5           20           15          0.799          0.201        
  922          318            5           20           15          0.799          0.201        
  923          318            5           20           15          0.799          0.201        
  924          319            5           20           15          0.800          0.200        
  925          320            5           20           15          0.800          0.200        
  926          320            5           20           15          0.800          0.200        
  927          320            5           20           15          0.800          0.200        
  928          320            5           20           15          0.800          0.200        
  929          320            5           20           15          0.801          0.199        
  930          321            5           20           15          0.801          0.199        
  931          321            5           20           15          0.801          0.199        
  932          321            5           20           15          0.800          0.200        
  933          321            5           20           15          0.800          0.200        
  934          321            5           20           15          0.801          0.199        
  935          322            5           20           15          0.800          0.200        
  936          323            5           20           15          0.799          0.201        
  937          323            5           20           15          0.799          0.201        
  938          324            5           20           15          0.799          0.201        
  939          324            5           20           15          0.800          0.200        
  940          324            5           20           15          0.800          0.200        
  941          324            5           20           15          0.800          0.200        
  942          324            5           20           15          0.800          0.200        
  943          324            5           20           15          0.800          0.200        
  944          324            5           20           15          0.800          0.200        
  945          324            5           20           15          0.799          0.201        
  946          324            5           20           15          0.799          0.201        
  947          324            5           20           15          0.799          0.201        
  948          325            5           20           15          0.799          0.201        
  949          325            5           20           15          0.800          0.200        
  950          325            5           20           15          0.800          0.200        
  951          325            5           20           15          0.799          0.201        
  952          326            5           20           15          0.799          0.201        
  953          326            5           20           15          0.799          0.201        
  954          326            5           20           15          0.800          0.200        
  955          326            5           20           15          0.800          0.200        
  956          326            5           20           15          0.799          0.201        
  957          327            5           20           15          0.799          0.201        
  958          328            5           20           15          0.799          0.201        
  959          329            5           20           15          0.800          0.200        
  960          329            5           20           15          0.800          0.200        
  961          329            5           20           15          0.800          0.200        
  962          329            5           20           15          0.800          0.200        
  963          329            5           20           15          0.800          0.200        
  964          330            5           20           15          0.801          0.199        
  965          331            5           20           15          0.801          0.199        
  966          332            5           20           15          0.801          0.199        
  967          333            5           20           15          0.800          0.200        
  968          333            5           20           15          0.800          0.200        
  969          333            5           20           15          0.800          0.200        
  970          333            5           20           15          0.799          0.201        
  971          333            5           20           15          0.798          0.202        
  972          333            5           20           15          0.798          0.202        
  973          333            5           20           15          0.798          0.202        
  974          334            5           20           15          0.799          0.201        
  975          334            5           20           15          0.799          0.201        
  976          334            5           20           15          0.799          0.201        
  977          335            5           20           15          0.799          0.201        
  978          335            5           20           15          0.799          0.201        
  979          335            5           20           15          0.800          0.200        
  980          335            5           20           15          0.799          0.201        
  981          335            5           20           15          0.798          0.202        
  982          335            5           20           15          0.798          0.202        
  983          335            5           20           15          0.798          0.202        
  984          335            5           20           15          0.799          0.201        
  985          335            5           20           15          0.799          0.201        
  986          336            5           20           15          0.799          0.201        
  987          336            5           20           15          0.799          0.201        
  988          337            5           20           15          0.798          0.202        
  989          338            5           20           15          0.799          0.201        
  990          338            5           20           15          0.798          0.202        
  991          339            5           20           15          0.798          0.202        
  992          339            5           20           15          0.798          0.202        
  993          339            5           20           15          0.798          0.202        
  994          340            5           20           15          0.799          0.201        
  995          340            5           20           15          0.799          0.201        
  996          341            5           20           15          0.799          0.201        
  997          341            5           20           15          0.799          0.201        
  998          341            5           20           15          0.799          0.201        
  999          341            5           20           15          0.800          0.200        
